1.60239 2.10853 1.68759 2.95758 4.0284 
0.851684 3.54353 0.247488 2.39864 1.76414 
0.866663 6.11065 3.11488 2.41826 0.0522524 
0.982971 1.7728 6.13413 3.36315 2.0287 
0.891845 2.73965 0.896796 4.4292 5.48917 
1.50805 2.68789 2.206 2.43337 6.06788 
1.24561 1.39461 6.25864 2.00039 0.107376 
1.74688 2.46036 0.394335 5.35807 4.12371 
1.1551 2.80671 0.678315 5.16304 6.09972 
1.62924 5.78753 1.88634 0.187792 4.94631 
0.788583 1.66297 3.05908 5.42017 1.44068 
1.84636 0.173007 4.04094 1.38694 5.37168 
1.02225 5.4723 2.91584 1.3023 2.56015 
1.72086 2.11423 5.32981 0.587897 2.39919 
1.54483 0.267977 4.422 0.873095 0.284627 
0.245296 2.86691 1.89174 5.7984 1.03631 
0.535837 5.84835 1.56678 5.25597 1.98087 
0.832504 2.67628 0.583687 2.66347 5.74662 
1.39717 2.84836 0.697722 3.80713 1.14817 
0.27137 0.172902 1.07026 3.90257 2.65854 
0.456106 2.89257 2.37714 3.5534 6.04527 
0.349541 1.93819 1.75983 0.584186 6.02617 
1.30642 5.23593 2.13618 5.29782 0.736048 
0.625314 6.27513 3.19068 0.770282 0.99903 
0.347451 2.47631 5.63444 0.638181 5.09211 
0.995078 0.277089 3.75814 1.9174 3.50522 
0.822266 1.51277 3.41596 1.15664 1.28544 
0.398501 3.14107 0.951179 3.40248 0.261108 
1.51124 5.53867 3.03784 0.112157 0.427192 
0.142675 2.75164 0.727686 2.03691 4.37082 
1.31059 1.2054 2.70456 1.57542 4.07425 
0.786967 6.07283 2.67267 2.39388 2.85114 
0.568332 0.741328 1.93175 2.00906 4.69981 
1.23729 6.25317 3.21303 6.25938 3.011 
0.680288 2.74506 1.05718 4.81281 2.96149 
1.64921 1.5672 1.33186 3.34039 0.0114822 
0.010715 1.51313 2.9404 5.80327 5.64609 
0.326745 0.9357 1.15633 2.45818 0.0894063 
1.13183 1.01354 2.03101 5.54775 2.79358 
1.66987 0.615769 0.228184 2.42145 5.32016 
